Name,Price,Category
Milk,3.5,Dairy
Bread,2.0,Bakery
Apple,0.3,Fruit
Tomato,0.5,Vegetable
Chicken Breast,5.0,Meat
Eggs,2.5,Dairy
Cheese,4.0,Dairy
Banana,0.25,Fruit
Lettuce,1.0,Vegetable
Carrot,0.4,Vegetable
